# unix_time, cycles_done, cur_path, paths_total, pending_total, pending_favs, map_size, unique_crashes, unique_hangs, max_depth, execs_per_sec
1767591144, 0, 0, 1, 1, 1, 0.01%, 0, 0, 1, 2000.00
1767591149, 5, 4, 5, 0, 0, 0.02%, 1, 0, 4, 3874.88
1767591155, 13, 4, 5, 0, 0, 0.02%, 1, 0, 4, 4177.44
1767591160, 21, 4, 5, 0, 0, 0.02%, 1, 0, 4, 4196.60
1767591165, 29, 4, 5, 0, 0, 0.02%, 1, 0, 4, 4175.27
1767591170, 38, 0, 5, 0, 0, 0.02%, 1, 0, 4, 4148.84
1767591175, 45, 4, 5, 0, 0, 0.02%, 1, 0, 4, 4002.36
1767591181, 53, 1, 5, 0, 0, 0.02%, 1, 0, 4, 3987.54
1767591186, 60, 4, 5, 0, 0, 0.02%, 1, 0, 4, 4070.00
1767591191, 68, 4, 5, 0, 0, 0.02%, 1, 0, 4, 4157.01
1767591196, 76, 4, 5, 0, 0, 0.02%, 1, 0, 4, 4150.21
1767591201, 84, 4, 5, 0, 0, 0.02%, 1, 0, 4, 4177.18
1767591206, 92, 1, 5, 0, 0, 0.02%, 1, 0, 4, 4169.55
1767591211, 100, 2, 5, 0, 0, 0.02%, 1, 0, 4, 4103.38
1767591216, 107, 4, 5, 0, 0, 0.02%, 1, 0, 4, 4159.32
1767591221, 115, 4, 5, 0, 0, 0.02%, 1, 0, 4, 4064.14
1767591226, 123, 4, 5, 0, 0, 0.02%, 1, 0, 4, 4066.13
1767591231, 131, 1, 5, 0, 0, 0.02%, 1, 0, 4, 4078.09
1767591236, 139, 1, 5, 0, 0, 0.02%, 1, 0, 4, 4100.05
1767591242, 147, 1, 5, 0, 0, 0.02%, 1, 0, 4, 4084.62
1767591247, 155, 2, 5, 0, 0, 0.02%, 1, 0, 4, 4053.69
1767591252, 163, 1, 5, 0, 0, 0.02%, 1, 0, 4, 4128.08
1767591257, 171, 2, 5, 0, 0, 0.02%, 1, 0, 4, 4129.96
1767591262, 179, 4, 5, 0, 0, 0.02%, 1, 0, 4, 4103.32
1767591267, 187, 4, 5, 0, 0, 0.02%, 1, 0, 4, 4108.70
1767591272, 195, 4, 5, 0, 0, 0.02%, 1, 0, 4, 4077.84
1767591277, 203, 0, 5, 0, 0, 0.02%, 1, 0, 4, 3991.77
1767591283, 210, 4, 5, 0, 0, 0.02%, 1, 0, 4, 4031.30
1767591288, 218, 1, 5, 0, 0, 0.02%, 1, 0, 4, 4055.88
1767591293, 226, 0, 5, 0, 0, 0.02%, 1, 0, 4, 4055.61
1767591298, 233, 4, 5, 0, 0, 0.02%, 1, 0, 4, 4044.80
1767591303, 241, 4, 5, 0, 0, 0.02%, 1, 0, 4, 4075.57
1767591308, 249, 2, 5, 0, 0, 0.02%, 1, 0, 4, 4044.07
1767591313, 257, 1, 5, 0, 0, 0.02%, 1, 0, 4, 4125.88
1767591318, 265, 1, 5, 0, 0, 0.02%, 1, 0, 4, 4141.07
1767591324, 273, 1, 5, 0, 0, 0.02%, 1, 0, 4, 4092.14
1767591329, 280, 4, 5, 0, 0, 0.02%, 1, 0, 4, 4076.33
1767591334, 288, 4, 5, 0, 0, 0.02%, 1, 0, 4, 4053.42
1767591339, 296, 4, 5, 0, 0, 0.02%, 1, 0, 4, 4092.03
1767591344, 304, 4, 5, 0, 0, 0.02%, 1, 0, 4, 4121.36
1767591349, 312, 3, 5, 0, 0, 0.02%, 1, 0, 4, 4130.35
1767591355, 320, 3, 5, 0, 0, 0.02%, 1, 0, 4, 4097.05
1767591360, 328, 1, 5, 0, 0, 0.02%, 1, 0, 4, 4078.11
1767591365, 335, 4, 5, 0, 0, 0.02%, 1, 0, 4, 4114.39
1767591370, 343, 4, 5, 0, 0, 0.02%, 1, 0, 4, 4076.90
1767591375, 351, 0, 5, 0, 0, 0.02%, 1, 0, 4, 4052.94
1767591380, 359, 0, 5, 0, 0, 0.02%, 1, 0, 4, 4115.70
1767591385, 366, 4, 5, 0, 0, 0.02%, 1, 0, 4, 4054.58
1767591390, 374, 4, 5, 0, 0, 0.02%, 1, 0, 4, 4062.44
1767591395, 382, 4, 5, 0, 0, 0.02%, 1, 0, 4, 4003.42
1767591400, 390, 0, 5, 0, 0, 0.02%, 1, 0, 4, 4005.48
1767591405, 397, 4, 5, 0, 0, 0.02%, 1, 0, 4, 4036.07
1767591411, 405, 4, 5, 0, 0, 0.02%, 1, 0, 4, 3979.83
1767591416, 413, 2, 5, 0, 0, 0.02%, 1, 0, 4, 4027.37
1767591421, 421, 3, 5, 0, 0, 0.02%, 1, 0, 4, 4058.34
1767591426, 429, 1, 5, 0, 0, 0.02%, 1, 0, 4, 4036.54
1767591431, 436, 4, 5, 0, 0, 0.02%, 1, 0, 4, 4064.19
1767591436, 445, 0, 5, 0, 0, 0.02%, 1, 0, 4, 4087.55
1767591442, 452, 4, 5, 0, 0, 0.02%, 1, 0, 4, 4107.61
1767591447, 460, 3, 5, 0, 0, 0.02%, 1, 0, 4, 4085.31
1767591452, 468, 1, 5, 0, 0, 0.02%, 1, 0, 4, 4052.69
1767591457, 475, 4, 5, 0, 0, 0.02%, 1, 0, 4, 4021.16
1767591462, 482, 4, 5, 0, 0, 0.02%, 1, 0, 4, 3998.32
